INIMIGO 2 1000 100 -50
INIMIGO 2 2000 400 -50
POWERUP 2 4000 240 -50
INIMIGO 1 5000 50 -50
INIMIGO 1 5500 150 -50
INIMIGO 1 6000 250 -50
INIMIGO 2 8000 350 -50
POWERUP 1 10000 100 -50
INIMIGO 2 12000 300 -50
INIMIGO 2 13000 150 -50
INIMIGO 2 15000 400 -50
INIMIGO 1 17000 200 -50
INIMIGO 1 18000 300 -50
INIMIGO 1 19000 400 -50
INIMIGO 2 22000 50 -50
POWERUP 1 24000 350 -50
INIMIGO 2 26000 100 -50
INIMIGO 2 27000 200 -50
INIMIGO 2 28000 300 -50
INIMIGO 2 29000 400 -50
INIMIGO 1 32000 150 -50
INIMIGO 1 33000 350 -50
CHEFE 2 50 40000 240 50